    1   1   1     
  +---+---+---+---+
4 |   | 2 |   |   | 1
  +---+---+---+---+
2 |   |   |   |   |  
  +---+---+---+---+
  |   |   |   | 1 | 4
  +---+---+---+---+
2 | 2 |   |   |   | 2
  +---+---+---+---+
    2   3       2 
00
    1   1   1     
  +---+---+---+---+
4 | 1 | 2 |   |   | 1
  +---+---+---+---+
2 |   |   |   |   |  
  +---+---+---+---+
  |   |   |   | 1 | 4
  +---+---+---+---+
2 | 2 |   |   |   | 2
  +---+---+---+---+
    2   3       2 
00
    1   1   1     
  +---+---+---+---+
4 | 1 | 2 | 1 |   | 1
  +---+---+---+---+
2 |   |   |   |   |  
  +---+---+---+---+
  |   |   |   | 1 | 4
  +---+---+---+---+
2 | 2 |   |   |   | 2
  +---+---+---+---+
    2   3       2 
00
    1   1   1     
  +---+---+---+---+
4 | 1 | 2 | 1 | 1 | 1
  +---+---+---+---+
2 |   |   |   |   |  
  +---+---+---+---+
  |   |   |   | 1 | 4
  +---+---+---+---+
2 | 2 |   |   |   | 2
  +---+---+---+---+
    2   3       2 
00
    1   1   1     
  +---+---+---+---+
4 | 1 | 2 | 1 | 1 | 1
  +---+---+---+---+
2 | 1 |   |   |   |  
  +---+---+---+---+
  |   |   |   | 1 | 4
  +---+---+---+---+
2 | 2 |   |   |   | 2
  +---+---+---+---+
    2   3       2 
00
    1   1   1     
  +---+---+---+---+
4 | 1 | 2 | 1 | 1 | 1
  +---+---+---+---+
2 | 1 | 1 |   |   |  
  +---+---+---+---+
  |   |   |   | 1 | 4
  +---+---+---+---+
2 | 2 |   |   |   | 2
  +---+---+---+---+
    2   3       2 
00
    1   1   1     
  +---+---+---+---+
4 | 1 | 2 | 1 | 1 | 1
  +---+---+---+---+
2 | 1 | 1 | 1 |   |  
  +---+---+---+---+
  |   |   |   | 1 | 4
  +---+---+---+---+
2 | 2 |   |   |   | 2
  +---+---+---+---+
    2   3       2 
00
    1   1   1     
  +---+---+---+---+
4 | 1 | 2 | 1 | 1 | 1
  +---+---+---+---+
2 | 1 | 1 | 1 | 1 |  
  +---+---+---+---+
  |   |   |   | 1 | 4
  +---+---+---+---+
2 | 2 |   |   |   | 2
  +---+---+---+---+
    2   3       2 
21
00
    1   1   1     
  +---+---+---+---+
4 | 1 | 2 | 1 | 1 | 1
  +---+---+---+---+
2 | 1 | 1 | 1 | 1 |  
  +---+---+---+---+
  | 1 |   |   | 1 | 4
  +---+---+---+---+
2 | 2 |   |   |   | 2
  +---+---+---+---+
    2   3       2 
21
00
    1   1   1     
  +---+---+---+---+
4 | 1 | 2 | 1 | 1 | 1
  +---+---+---+---+
2 | 1 | 1 | 1 | 1 |  
  +---+---+---+---+
  | 1 | 1 |   | 1 | 4
  +---+---+---+---+
2 | 2 |   |   |   | 2
  +---+---+---+---+
    2   3       2 
21
00
    1   1   1     
  +---+---+---+---+
4 | 1 | 2 | 1 | 1 | 1
  +---+---+---+---+
2 | 1 | 1 | 1 | 1 |  
  +---+---+---+---+
  | 1 | 1 | 1 | 1 | 4
  +---+---+---+---+
2 | 2 |   |   |   | 2
  +---+---+---+---+
    2   3       2 
21
11
00
    1   1   1     
  +---+---+---+---+
4 | 1 | 2 | 1 | 1 | 1
  +---+---+---+---+
2 | 1 | 1 | 1 | 1 |  
  +---+---+---+---+
  | 1 | 1 | 1 | 1 | 4
  +---+---+---+---+
2 | 2 | 1 |   |   | 2
  +---+---+---+---+
    2   3       2 
21
11
11
00
    1   1   1     
  +---+---+---+---+
4 | 1 | 2 | 1 | 1 | 1
  +---+---+---+---+
2 | 1 | 1 | 1 | 1 |  
  +---+---+---+---+
  | 1 | 1 | 1 | 1 | 4
  +---+---+---+---+
2 | 2 | 1 | 1 |   | 2
  +---+---+---+---+
    2   3       2 
21
11
11
00
    1   1   1     
  +---+---+---+---+
4 | 1 | 2 | 1 | 1 | 1
  +---+---+---+---+
2 | 1 | 1 | 1 | 1 |  
  +---+---+---+---+
  | 1 | 1 | 1 | 1 | 4
  +---+---+---+---+
2 | 2 | 1 | 1 | 1 | 2
  +---+---+---+---+
    2   3       2 
    1   1   1     
  +---+---+---+---+
4 | 1 | 2 | 1 | 1 | 1
  +---+---+---+---+
2 | 1 | 1 | 1 | 1 |  
  +---+---+---+---+
  | 1 | 1 | 1 | 1 | 4
  +---+---+---+---+
2 | 2 | 1 | 1 | 1 | 2
  +---+---+---+---+
    2   3       2 
